100106
110410
140109
140403
140404
140405
140406
140407
140408
140411
140412
140413
140416
140418
140421
140422
220605
240106
580202
580506
580508
630610
670901
670902
670903
670904
671003
301002
301004
310705
310706
310707
310708
310710
310713
310714
310715
310716
310718
310719
310720
310801
310802
310803
310804
310805
310806
310807
310808
311002
311004
311005
311006
311009
311010
311011
311012
311015
311016
311402
311403
311404
311406
311407
311803
311806
331010
331016
331024
310311
310701
310703
450905
901510
901501
901504
901506
901507
901508
950507
950609
950611
960204
